Topology:
	1

Metrics:
	VP: 17.0
	VN: 6.666666666666666
	FP: 11.0
	FN: 0.6666666666666666
	Recall: 0.9682539682539684
	Specificity: 0.3667929292929293

----------------------------------------
Topology:
	4

Metrics:
	VP: 16.0
	VN: 11.0
	FP: 6.666666666666666
	FN: 1.6666666666666665
	Recall: 0.9066176470588234
	Specificity: 0.6350877192982456

----------------------------------------
