Topology:
	rbf1000.0

Metrics:
	VP: 14.666666666666666
	VN: 11.666666666666666
	FP: 6.0
	FN: 3.0
	Recall: 0.8358543417366946
	Specificity: 0.6455026455026455

----------------------------------------
Topology:
	rbf10000.0

Metrics:
	VP: 13.333333333333332
	VN: 10.0
	FP: 7.666666666666666
	FN: 4.333333333333333
	Recall: 0.7616099071207431
	Specificity: 0.5679824561403508

----------------------------------------
