Topology:
	1

Metrics:
	VP: 10.45
	VN: 9.083333333333332
	FP: 8.583333333333332
	FN: 7.216666666666667
	Recall: 0.6117524509803921
	Specificity: 0.5253167641325536

----------------------------------------
Topology:
	32

Metrics:
	VP: 10.350000000000001
	VN: 9.266666666666666
	FP: 8.4
	FN: 7.316666666666667
	Recall: 0.5879081384015594
	Specificity: 0.5277655945419104

----------------------------------------
