Topology:
	15

Metrics:
	VP: 15.333333333333332
	VN: 10.0
	FP: 7.666666666666666
	FN: 2.333333333333333
	Recall: 0.8743589743589744
	Specificity: 0.5834595959595958

----------------------------------------
Topology:
	17

Metrics:
	VP: 14.666666666666666
	VN: 9.666666666666666
	FP: 8.0
	FN: 3.0
	Recall: 0.8311546840958606
	Specificity: 0.5521155830753354

----------------------------------------
