Topology:
	3

Metrics:
	VP: 3.7120000000000006
	VN: 3.3200000000000003
	FP: 1.9799999999999998
	FN: 1.5880000000000003
	Recall: 0.6913333333333335
	Specificity: 0.6257095238095239

----------------------------------------
