Topology:
	1

Metrics:
	VP: 10.45
	VN: 9.083333333333332
	FP: 8.583333333333332
	FN: 7.216666666666667
	Recall: 0.6117524509803921
	Specificity: 0.5253167641325536

----------------------------------------
Topology:
	12

Metrics:
	VP: 8.083333333333332
	VN: 10.083333333333332
	FP: 7.583333333333333
	FN: 9.583333333333332
	Recall: 0.47966269841269843
	Specificity: 0.585906432748538

----------------------------------------
Topology:
	23

Metrics:
	VP: 7.1499999999999995
	VN: 10.683333333333334
	FP: 6.983333333333334
	FN: 10.516666666666667
	Recall: 0.45420692431561993
	Specificity: 0.6510212418300654

----------------------------------------
Topology:
	32

Metrics:
	VP: 10.350000000000001
	VN: 9.266666666666666
	FP: 8.4
	FN: 7.316666666666667
	Recall: 0.5879081384015594
	Specificity: 0.5277655945419104

----------------------------------------
